"bbox":[-2363000,276000,2267000,3166000]
"properties":{"name":"Continental US GRTS"}}},"arcs":[[[1347000,286000],[1347000,276000]],[[1347000,276000],[1337000,276000],[1337000,286000],[1347000,286000]]

width = 4630000
height


        "bbox": [-56.77775821661018, 12.469025989284091, 942.7924311762474, 596.9298966319916],
    "transform":
    {
        "scale": [0.009280801851947097, -0.005814667153098606],
        "translate": [16.8, 594.9]
    }
"properties":{"name":"Continental US GRTS"}}},"arcs":[[[80129,346],[0,-346]],[[80129,0],[-216,0],[0,346],[216,0]],[[80129,346],[216,0],[0,-346],[-216,0]],[[81641,346],[0,-346]],[[81641,0],[-216,0],[0,346]